  0.0000    2    8.000   1.0000       nonjoke
  8.0000    0    2.000   1.0000          NULL 
 10.0000    2    8.000   1.0000       nonjoke
 18.0000    1    8.000   1.0000          joke
 26.0000    0    2.000   1.0000          NULL 
 28.0000    2    8.000   1.0000       nonjoke
 36.0000    0    2.000   1.0000          NULL 
 38.0000    1    8.000   1.0000          joke
 46.0000    0    2.000   1.0000          NULL 
 48.0000    2    8.000   1.0000       nonjoke
 56.0000    0    2.000   1.0000          NULL 
 58.0000    2    8.000   1.0000       nonjoke
 66.0000    1    8.000   1.0000          joke
 74.0000    0   14.000   1.0000          NULL 
 88.0000    1    8.000   1.0000          joke
 96.0000    0    2.000   1.0000          NULL 
 98.0000    2    8.000   1.0000       nonjoke
106.0000    0    2.000   1.0000          NULL 
108.0000    2    8.000   1.0000       nonjoke
116.0000    2    8.000   1.0000       nonjoke
124.0000    0   12.000   1.0000          NULL 
136.0000    1    8.000   1.0000          joke
144.0000    0    6.000   1.0000          NULL 
150.0000    1    8.000   1.0000          joke
158.0000    0    4.000   1.0000          NULL 
162.0000    1    8.000   1.0000          joke
170.0000    0    4.000   1.0000          NULL 
174.0000    1    8.000   1.0000          joke
182.0000    0    2.000   1.0000          NULL 
184.0000    1    8.000   1.0000          joke
192.0000    2    8.000   1.0000       nonjoke
200.0000    1    8.000   1.0000          joke
208.0000    0    4.000   1.0000          NULL 
212.0000    2    8.000   1.0000       nonjoke
220.0000    0    6.000   1.0000          NULL 
226.0000    2    8.000   1.0000       nonjoke
234.0000    2    8.000   1.0000       nonjoke
242.0000    1    8.000   1.0000          joke
250.0000    1    8.000   1.0000          joke
258.0000    0   12.000   1.0000          NULL 
270.0000    2    8.000   1.0000       nonjoke
278.0000    1    8.000   1.0000          joke
286.0000    0    2.000   1.0000          NULL 
288.0000    1    8.000   1.0000          joke
296.0000    0   14.000   1.0000          NULL 
310.0000    2    8.000   1.0000       nonjoke
318.0000    0    4.000   1.0000          NULL 
322.0000    1    8.000   1.0000          joke
330.0000    0    2.000   1.0000          NULL 
332.0000    2    8.000   1.0000       nonjoke
340.0000    0    2.000   1.0000          NULL 
342.0000    1    8.000   1.0000          joke
350.0000    0    4.000   1.0000          NULL 
354.0000    2    8.000   1.0000       nonjoke
362.0000    0    2.000   1.0000          NULL 
364.0000    1    8.000   1.0000          joke
372.0000    0    2.000   1.0000          NULL 
374.0000    1    8.000   1.0000          joke
382.0000    0    4.000   1.0000          NULL 
386.0000    1    8.000   1.0000          joke
394.0000    1    8.000   1.0000          joke
402.0000    2    8.000   1.0000       nonjoke
410.0000    0    8.000   1.0000          NULL 
418.0000    2    8.000   1.0000       nonjoke
426.0000    0    6.000   1.0000          NULL 
432.0000    2    8.000   1.0000       nonjoke
440.0000    0    4.000   1.0000          NULL 
444.0000    1    8.000   1.0000          joke
452.0000    2    8.000   1.0000       nonjoke
460.0000    1    8.000   1.0000          joke
468.0000    2    8.000   1.0000       nonjoke
476.0000    0    2.000   1.0000          NULL 
478.0000    2    8.000   1.0000       nonjoke
486.0000    1    8.000   1.0000          joke
494.0000    0    4.000   1.0000          NULL 
498.0000    1    8.000   1.0000          joke
506.0000    2    8.000   1.0000       nonjoke
514.0000    0    2.000   1.0000          NULL 
516.0000    2    8.000   1.0000       nonjoke
524.0000    0    2.000   1.0000          NULL 
526.0000    2    8.000   1.0000       nonjoke
534.0000    2    8.000   1.0000       nonjoke
542.0000    0    2.000   1.0000          NULL 
544.0000    1    8.000   1.0000          joke
552.0000    0    2.000   1.0000          NULL 
554.0000    1    8.000   1.0000          joke
562.0000    0    8.000   1.0000          NULL 
