  0.0000    1    8.000   1.0000          joke
  8.0000    0   18.000   1.0000          NULL 
 26.0000    2    8.000   1.0000       nonjoke
 34.0000    2    8.000   1.0000       nonjoke
 42.0000    1    8.000   1.0000          joke
 50.0000    0    2.000   1.0000          NULL 
 52.0000    1    8.000   1.0000          joke
 60.0000    2    8.000   1.0000       nonjoke
 68.0000    0    6.000   1.0000          NULL 
 74.0000    1    8.000   1.0000          joke
 82.0000    0    2.000   1.0000          NULL 
 84.0000    1    8.000   1.0000          joke
 92.0000    0    2.000   1.0000          NULL 
 94.0000    1    8.000   1.0000          joke
102.0000    2    8.000   1.0000       nonjoke
110.0000    2    8.000   1.0000       nonjoke
118.0000    0   14.000   1.0000          NULL 
132.0000    1    8.000   1.0000          joke
140.0000    2    8.000   1.0000       nonjoke
148.0000    0   10.000   1.0000          NULL 
158.0000    2    8.000   1.0000       nonjoke
166.0000    0    4.000   1.0000          NULL 
170.0000    1    8.000   1.0000          joke
178.0000    2    8.000   1.0000       nonjoke
186.0000    2    8.000   1.0000       nonjoke
194.0000    0    4.000   1.0000          NULL 
198.0000    1    8.000   1.0000          joke
206.0000    1    8.000   1.0000          joke
214.0000    2    8.000   1.0000       nonjoke
222.0000    0    2.000   1.0000          NULL 
224.0000    1    8.000   1.0000          joke
232.0000    0    2.000   1.0000          NULL 
234.0000    2    8.000   1.0000       nonjoke
242.0000    0    4.000   1.0000          NULL 
246.0000    2    8.000   1.0000       nonjoke
254.0000    2    8.000   1.0000       nonjoke
262.0000    0   10.000   1.0000          NULL 
272.0000    2    8.000   1.0000       nonjoke
280.0000    1    8.000   1.0000          joke
288.0000    0    4.000   1.0000          NULL 
292.0000    1    8.000   1.0000          joke
300.0000    0    4.000   1.0000          NULL 
304.0000    1    8.000   1.0000          joke
312.0000    2    8.000   1.0000       nonjoke
320.0000    1    8.000   1.0000          joke
328.0000    0    4.000   1.0000          NULL 
332.0000    1    8.000   1.0000          joke
340.0000    0    4.000   1.0000          NULL 
344.0000    1    8.000   1.0000          joke
352.0000    0    4.000   1.0000          NULL 
356.0000    1    8.000   1.0000          joke
364.0000    2    8.000   1.0000       nonjoke
372.0000    0    2.000   1.0000          NULL 
374.0000    2    8.000   1.0000       nonjoke
382.0000    0    2.000   1.0000          NULL 
384.0000    2    8.000   1.0000       nonjoke
392.0000    1    8.000   1.0000          joke
400.0000    0    6.000   1.0000          NULL 
406.0000    2    8.000   1.0000       nonjoke
414.0000    1    8.000   1.0000          joke
422.0000    0    6.000   1.0000          NULL 
428.0000    1    8.000   1.0000          joke
436.0000    1    8.000   1.0000          joke
444.0000    0    6.000   1.0000          NULL 
450.0000    1    8.000   1.0000          joke
458.0000    0    2.000   1.0000          NULL 
460.0000    2    8.000   1.0000       nonjoke
468.0000    0    6.000   1.0000          NULL 
474.0000    2    8.000   1.0000       nonjoke
482.0000    0    4.000   1.0000          NULL 
486.0000    2    8.000   1.0000       nonjoke
494.0000    2    8.000   1.0000       nonjoke
502.0000    0    2.000   1.0000          NULL 
504.0000    1    8.000   1.0000          joke
512.0000    1    8.000   1.0000          joke
520.0000    2    8.000   1.0000       nonjoke
528.0000    0    6.000   1.0000          NULL 
534.0000    1    8.000   1.0000          joke
542.0000    0    4.000   1.0000          NULL 
546.0000    2    8.000   1.0000       nonjoke
554.0000    0    4.000   1.0000          NULL 
558.0000    2    8.000   1.0000       nonjoke
566.0000    0    4.000   1.0000          NULL 
