  0.0000    2    8.000   1.0000       nonjoke
  8.0000    0    2.000   1.0000          NULL 
 10.0000    1    8.000   1.0000          joke
 18.0000    0    2.000   1.0000          NULL 
 20.0000    2    8.000   1.0000       nonjoke
 28.0000    0    2.000   1.0000          NULL 
 30.0000    1    8.000   1.0000          joke
 38.0000    0    2.000   1.0000          NULL 
 40.0000    1    8.000   1.0000          joke
 48.0000    2    8.000   1.0000       nonjoke
 56.0000    1    8.000   1.0000          joke
 64.0000    0    2.000   1.0000          NULL 
 66.0000    1    8.000   1.0000          joke
 74.0000    1    8.000   1.0000          joke
 82.0000    2    8.000   1.0000       nonjoke
 90.0000    1    8.000   1.0000          joke
 98.0000    0    2.000   1.0000          NULL 
100.0000    1    8.000   1.0000          joke
108.0000    1    8.000   1.0000          joke
116.0000    0    4.000   1.0000          NULL 
120.0000    2    8.000   1.0000       nonjoke
128.0000    1    8.000   1.0000          joke
136.0000    0    2.000   1.0000          NULL 
138.0000    2    8.000   1.0000       nonjoke
146.0000    0    6.000   1.0000          NULL 
152.0000    2    8.000   1.0000       nonjoke
160.0000    0    4.000   1.0000          NULL 
164.0000    2    8.000   1.0000       nonjoke
172.0000    0    8.000   1.0000          NULL 
180.0000    2    8.000   1.0000       nonjoke
188.0000    0    2.000   1.0000          NULL 
190.0000    2    8.000   1.0000       nonjoke
198.0000    0    6.000   1.0000          NULL 
204.0000    1    8.000   1.0000          joke
212.0000    0    6.000   1.0000          NULL 
218.0000    2    8.000   1.0000       nonjoke
226.0000    2    8.000   1.0000       nonjoke
234.0000    1    8.000   1.0000          joke
242.0000    2    8.000   1.0000       nonjoke
250.0000    0    2.000   1.0000          NULL 
252.0000    2    8.000   1.0000       nonjoke
260.0000    2    8.000   1.0000       nonjoke
268.0000    0    2.000   1.0000          NULL 
270.0000    2    8.000   1.0000       nonjoke
278.0000    2    8.000   1.0000       nonjoke
286.0000    2    8.000   1.0000       nonjoke
294.0000    0    6.000   1.0000          NULL 
300.0000    1    8.000   1.0000          joke
308.0000    0    4.000   1.0000          NULL 
312.0000    1    8.000   1.0000          joke
320.0000    1    8.000   1.0000          joke
328.0000    0    4.000   1.0000          NULL 
332.0000    1    8.000   1.0000          joke
340.0000    0    8.000   1.0000          NULL 
348.0000    2    8.000   1.0000       nonjoke
356.0000    0    4.000   1.0000          NULL 
360.0000    2    8.000   1.0000       nonjoke
368.0000    0    2.000   1.0000          NULL 
370.0000    1    8.000   1.0000          joke
378.0000    1    8.000   1.0000          joke
386.0000    0    2.000   1.0000          NULL 
388.0000    1    8.000   1.0000          joke
396.0000    1    8.000   1.0000          joke
404.0000    0    2.000   1.0000          NULL 
406.0000    2    8.000   1.0000       nonjoke
414.0000    0    4.000   1.0000          NULL 
418.0000    1    8.000   1.0000          joke
426.0000    2    8.000   1.0000       nonjoke
434.0000    0   18.000   1.0000          NULL 
452.0000    2    8.000   1.0000       nonjoke
460.0000    1    8.000   1.0000          joke
468.0000    0   12.000   1.0000          NULL 
480.0000    1    8.000   1.0000          joke
488.0000    0    4.000   1.0000          NULL 
492.0000    1    8.000   1.0000          joke
500.0000    1    8.000   1.0000          joke
508.0000    0    6.000   1.0000          NULL 
514.0000    1    8.000   1.0000          joke
522.0000    0   12.000   1.0000          NULL 
534.0000    2    8.000   1.0000       nonjoke
542.0000    0    6.000   1.0000          NULL 
548.0000    2    8.000   1.0000       nonjoke
556.0000    2    8.000   1.0000       nonjoke
564.0000    0    6.000   1.0000          NULL 
