  0.0000    1    8.000   1.0000          joke
  8.0000    2    8.000   1.0000       nonjoke
 16.0000    0    4.000   1.0000          NULL 
 20.0000    1    8.000   1.0000          joke
 28.0000    0    4.000   1.0000          NULL 
 32.0000    1    8.000   1.0000          joke
 40.0000    2    8.000   1.0000       nonjoke
 48.0000    0    2.000   1.0000          NULL 
 50.0000    1    8.000   1.0000          joke
 58.0000    0    4.000   1.0000          NULL 
 62.0000    1    8.000   1.0000          joke
 70.0000    1    8.000   1.0000          joke
 78.0000    2    8.000   1.0000       nonjoke
 86.0000    0    2.000   1.0000          NULL 
 88.0000    2    8.000   1.0000       nonjoke
 96.0000    1    8.000   1.0000          joke
104.0000    0    2.000   1.0000          NULL 
106.0000    2    8.000   1.0000       nonjoke
114.0000    2    8.000   1.0000       nonjoke
122.0000    1    8.000   1.0000          joke
130.0000    2    8.000   1.0000       nonjoke
138.0000    1    8.000   1.0000          joke
146.0000    0    2.000   1.0000          NULL 
148.0000    1    8.000   1.0000          joke
156.0000    0    6.000   1.0000          NULL 
162.0000    1    8.000   1.0000          joke
170.0000    1    8.000   1.0000          joke
178.0000    2    8.000   1.0000       nonjoke
186.0000    2    8.000   1.0000       nonjoke
194.0000    1    8.000   1.0000          joke
202.0000    0    8.000   1.0000          NULL 
210.0000    2    8.000   1.0000       nonjoke
218.0000    1    8.000   1.0000          joke
226.0000    0    2.000   1.0000          NULL 
228.0000    2    8.000   1.0000       nonjoke
236.0000    0   12.000   1.0000          NULL 
248.0000    2    8.000   1.0000       nonjoke
256.0000    0    2.000   1.0000          NULL 
258.0000    1    8.000   1.0000          joke
266.0000    0    8.000   1.0000          NULL 
274.0000    2    8.000   1.0000       nonjoke
282.0000    0   20.000   1.0000          NULL 
302.0000    1    8.000   1.0000          joke
310.0000    0    2.000   1.0000          NULL 
312.0000    1    8.000   1.0000          joke
320.0000    1    8.000   1.0000          joke
328.0000    0    4.000   1.0000          NULL 
332.0000    2    8.000   1.0000       nonjoke
340.0000    0    2.000   1.0000          NULL 
342.0000    1    8.000   1.0000          joke
350.0000    2    8.000   1.0000       nonjoke
358.0000    0    2.000   1.0000          NULL 
360.0000    1    8.000   1.0000          joke
368.0000    0    8.000   1.0000          NULL 
376.0000    1    8.000   1.0000          joke
384.0000    0   12.000   1.0000          NULL 
396.0000    2    8.000   1.0000       nonjoke
404.0000    0   20.000   1.0000          NULL 
424.0000    2    8.000   1.0000       nonjoke
432.0000    2    8.000   1.0000       nonjoke
440.0000    1    8.000   1.0000          joke
448.0000    0    2.000   1.0000          NULL 
450.0000    1    8.000   1.0000          joke
458.0000    0    4.000   1.0000          NULL 
462.0000    1    8.000   1.0000          joke
470.0000    0    2.000   1.0000          NULL 
472.0000    2    8.000   1.0000       nonjoke
480.0000    0    6.000   1.0000          NULL 
486.0000    2    8.000   1.0000       nonjoke
494.0000    2    8.000   1.0000       nonjoke
502.0000    0    2.000   1.0000          NULL 
504.0000    2    8.000   1.0000       nonjoke
512.0000    2    8.000   1.0000       nonjoke
520.0000    2    8.000   1.0000       nonjoke
528.0000    0    2.000   1.0000          NULL 
530.0000    1    8.000   1.0000          joke
538.0000    0    4.000   1.0000          NULL 
542.0000    2    8.000   1.0000       nonjoke
550.0000    2    8.000   1.0000       nonjoke
558.0000    0    2.000   1.0000          NULL 
560.0000    1    8.000   1.0000          joke
568.0000    0    2.000   1.0000          NULL 
