  0.0000    2    8.000   1.0000       nonjoke
  8.0000    1    8.000   1.0000          joke
 16.0000    0    2.000   1.0000          NULL 
 18.0000    1    8.000   1.0000          joke
 26.0000    2    8.000   1.0000       nonjoke
 34.0000    1    8.000   1.0000          joke
 42.0000    2    8.000   1.0000       nonjoke
 50.0000    0    2.000   1.0000          NULL 
 52.0000    2    8.000   1.0000       nonjoke
 60.0000    0    2.000   1.0000          NULL 
 62.0000    2    8.000   1.0000       nonjoke
 70.0000    0    2.000   1.0000          NULL 
 72.0000    1    8.000   1.0000          joke
 80.0000    0    2.000   1.0000          NULL 
 82.0000    2    8.000   1.0000       nonjoke
 90.0000    2    8.000   1.0000       nonjoke
 98.0000    0    2.000   1.0000          NULL 
100.0000    2    8.000   1.0000       nonjoke
108.0000    1    8.000   1.0000          joke
116.0000    0    6.000   1.0000          NULL 
122.0000    2    8.000   1.0000       nonjoke
130.0000    0    8.000   1.0000          NULL 
138.0000    2    8.000   1.0000       nonjoke
146.0000    1    8.000   1.0000          joke
154.0000    1    8.000   1.0000          joke
162.0000    0    6.000   1.0000          NULL 
168.0000    2    8.000   1.0000       nonjoke
176.0000    1    8.000   1.0000          joke
184.0000    1    8.000   1.0000          joke
192.0000    0    2.000   1.0000          NULL 
194.0000    2    8.000   1.0000       nonjoke
202.0000    1    8.000   1.0000          joke
210.0000    0    4.000   1.0000          NULL 
214.0000    2    8.000   1.0000       nonjoke
222.0000    1    8.000   1.0000          joke
230.0000    0    4.000   1.0000          NULL 
234.0000    1    8.000   1.0000          joke
242.0000    0    2.000   1.0000          NULL 
244.0000    2    8.000   1.0000       nonjoke
252.0000    0    6.000   1.0000          NULL 
258.0000    2    8.000   1.0000       nonjoke
266.0000    0    2.000   1.0000          NULL 
268.0000    2    8.000   1.0000       nonjoke
276.0000    2    8.000   1.0000       nonjoke
284.0000    0   22.000   1.0000          NULL 
306.0000    2    8.000   1.0000       nonjoke
314.0000    2    8.000   1.0000       nonjoke
322.0000    1    8.000   1.0000          joke
330.0000    0    2.000   1.0000          NULL 
332.0000    2    8.000   1.0000       nonjoke
340.0000    0   10.000   1.0000          NULL 
350.0000    2    8.000   1.0000       nonjoke
358.0000    0    6.000   1.0000          NULL 
364.0000    1    8.000   1.0000          joke
372.0000    2    8.000   1.0000       nonjoke
380.0000    0    6.000   1.0000          NULL 
386.0000    2    8.000   1.0000       nonjoke
394.0000    0    4.000   1.0000          NULL 
398.0000    1    8.000   1.0000          joke
406.0000    0    4.000   1.0000          NULL 
410.0000    2    8.000   1.0000       nonjoke
418.0000    0    4.000   1.0000          NULL 
422.0000    1    8.000   1.0000          joke
430.0000    0    4.000   1.0000          NULL 
434.0000    2    8.000   1.0000       nonjoke
442.0000    1    8.000   1.0000          joke
450.0000    1    8.000   1.0000          joke
458.0000    0    2.000   1.0000          NULL 
460.0000    1    8.000   1.0000          joke
468.0000    2    8.000   1.0000       nonjoke
476.0000    0    2.000   1.0000          NULL 
478.0000    1    8.000   1.0000          joke
486.0000    0   22.000   1.0000          NULL 
508.0000    1    8.000   1.0000          joke
516.0000    1    8.000   1.0000          joke
524.0000    0    2.000   1.0000          NULL 
526.0000    1    8.000   1.0000          joke
534.0000    1    8.000   1.0000          joke
542.0000    0    2.000   1.0000          NULL 
544.0000    1    8.000   1.0000          joke
552.0000    0   10.000   1.0000          NULL 
562.0000    1    8.000   1.0000          joke
