4 optseq schedules from nonlit_optseq_v3 (/mindhive/saxelab/u/apaunov/)
Schedules used: 3, 5, 10, 12

  0.0000    1   10.000   1.0000             1
 10.0000    0    6.000   1.0000          0 
 16.0000    5   10.000   1.0000             5
 26.0000    0    8.000   1.0000          0 
 34.0000    2   10.000   1.0000             2
 44.0000    0    6.000   1.0000          0 
 50.0000    1   10.000   1.0000             1
 60.0000    0   10.000   1.0000          0 
 70.0000    2   10.000   1.0000             2
 80.0000    0    2.000   1.0000          0 
 82.0000    2   10.000   1.0000             2
 92.0000    0    4.000   1.0000          0 
 96.0000    3   10.000   1.0000             3
106.0000    0    2.000   1.0000          0 
108.0000    3   10.000   1.0000             3
118.0000    0    6.000   1.0000          0 
124.0000    5   10.000   1.0000             5
134.0000    0    2.000   1.0000          0 
136.0000    4   10.000   1.0000             4
146.0000    0   12.000   1.0000          0 
158.0000    4   10.000   1.0000             4
168.0000    0    4.000   1.0000          0 
172.0000    3   10.000   1.0000             3
182.0000    0    8.000   1.0000          0 
190.0000    1   10.000   1.0000             1
200.0000    0    4.000   1.0000          0 
204.0000    3   10.000   1.0000             3
214.0000    0   16.000   1.0000          0 
230.0000    4   10.000   1.0000             4
240.0000    0    8.000   1.0000          0 
248.0000    4   10.000   1.0000             4
258.0000    0   10.000   1.0000          0 
268.0000    2   10.000   1.0000             2
278.0000    0    4.000   1.0000          0 
282.0000    4   10.000   1.0000             4
292.0000    0    4.000   1.0000          0 
296.0000    1   10.000   1.0000             1
306.0000    0   16.000   1.0000          0 
322.0000    1   10.000   1.0000             1
332.0000    0    4.000   1.0000          0 
336.0000    1   10.000   1.0000             1
346.0000    0    6.000   1.0000          0 
352.0000    4   10.000   1.0000             4
362.0000    0    4.000   1.0000          0 
366.0000    3   10.000   1.0000             3
376.0000    0    4.000   1.0000          0 
380.0000    2   10.000   1.0000             2
390.0000    0    6.000   1.0000          0 
396.0000    2   10.000   1.0000             2
406.0000    0   12.000   1.0000          0 
418.0000    3   10.000   1.0000             3
428.0000    0   14.000   1.0000          0 
  0.0000    1   10.000   1.0000             1
 10.0000    0   16.000   1.0000          0 
 26.0000    2   10.000   1.0000             2
 36.0000    0   10.000   1.0000          0 
 46.0000    2   10.000   1.0000             2
 56.0000    0    2.000   1.0000          0 
 58.0000    2   10.000   1.0000             2
 68.0000    0    4.000   1.0000          0 
 72.0000    4   10.000   1.0000             4
 82.0000    0   12.000   1.0000          0 
 94.0000    2   10.000   1.0000             2
104.0000    0    4.000   1.0000          0 
108.0000    1   10.000   1.0000             1
118.0000    0   12.000   1.0000          0 
130.0000    3   10.000   1.0000             3
140.0000    0    2.000   1.0000          0 
142.0000    3   10.000   1.0000             3
152.0000    0    2.000   1.0000          0 
154.0000    2   10.000   1.0000             2
164.0000    0    8.000   1.0000          0 
172.0000    4   10.000   1.0000             4
182.0000    0    2.000   1.0000          0 
184.0000    4   10.000   1.0000             4
194.0000    0   12.000   1.0000          0 
206.0000    4   10.000   1.0000             4
216.0000    0    2.000   1.0000          0 
218.0000    2   10.000   1.0000             2
228.0000    0    2.000   1.0000          0 
230.0000    3   10.000   1.0000             3
240.0000    0    8.000   1.0000          0 
248.0000    1   10.000   1.0000             1
258.0000    0    2.000   1.0000          0 
260.0000    4   10.000   1.0000             4
270.0000    0    4.000   1.0000          0 
274.0000    3   10.000   1.0000             3
284.0000    0    2.000   1.0000          0 
286.0000    1   10.000   1.0000             1
296.0000    0   14.000   1.0000          0 
310.0000    1   10.000   1.0000             1
320.0000    0   10.000   1.0000          0 
330.0000    3   10.000   1.0000             3
340.0000    0    4.000   1.0000          0 
344.0000    4   10.000   1.0000             4
354.0000    0   12.000   1.0000          0 
366.0000    1   10.000   1.0000             1
376.0000    0   12.000   1.0000          0 
388.0000    5   10.000   1.0000             5
398.0000    0    8.000   1.0000          0 
406.0000    3   10.000   1.0000             3
416.0000    0    2.000   1.0000          0 
418.0000    5   10.000   1.0000             5
428.0000    0   14.000   1.0000          0 
  0.0000    2   10.000   1.0000             2
 10.0000    0    2.000   1.0000          0 
 12.0000    4   10.000   1.0000             4
 22.0000    0   12.000   1.0000          0 
 34.0000    2   10.000   1.0000             2
 44.0000    0   12.000   1.0000          0 
 56.0000    3   10.000   1.0000             3
 66.0000    0    2.000   1.0000          0 
 68.0000    1   10.000   1.0000             1
 78.0000    0   14.000   1.0000          0 
 92.0000    1   10.000   1.0000             1
102.0000    0    6.000   1.0000          0 
108.0000    1   10.000   1.0000             1
118.0000    0   12.000   1.0000          0 
130.0000    3   10.000   1.0000             3
140.0000    0    4.000   1.0000          0 
144.0000    4   10.000   1.0000             4
154.0000    0    8.000   1.0000          0 
162.0000    4   10.000   1.0000             4
172.0000    0    8.000   1.0000          0 
180.0000    1   10.000   1.0000             1
190.0000    0    8.000   1.0000          0 
198.0000    5   10.000   1.0000             5
208.0000    0    4.000   1.0000          0 
212.0000    4   10.000   1.0000             4
222.0000    0    4.000   1.0000          0 
226.0000    3   10.000   1.0000             3
236.0000    0    2.000   1.0000          0 
238.0000    2   10.000   1.0000             2
248.0000    0    2.000   1.0000          0 
250.0000    2   10.000   1.0000             2
260.0000    0    6.000   1.0000          0 
266.0000    1   10.000   1.0000             1
276.0000    0   10.000   1.0000          0 
286.0000    4   10.000   1.0000             4
296.0000    0    4.000   1.0000          0 
300.0000    2   10.000   1.0000             2
310.0000    0   10.000   1.0000          0 
320.0000    3   10.000   1.0000             3
330.0000    0    4.000   1.0000          0 
334.0000    1   10.000   1.0000             1
344.0000    0   10.000   1.0000          0 
354.0000    2   10.000   1.0000             2
364.0000    0    4.000   1.0000          0 
368.0000    4   10.000   1.0000             4
378.0000    0    4.000   1.0000          0 
382.0000    3   10.000   1.0000             3
392.0000    0    2.000   1.0000          0 
394.0000    3   10.000   1.0000             3
404.0000    0   14.000   1.0000          0 
418.0000    5   10.000   1.0000             5
428.0000    0   14.000   1.0000          0 
  0.0000    1   10.000   1.0000             1
 10.0000    0    2.000   1.0000          0 
 12.0000    2   10.000   1.0000             2
 22.0000    0    2.000   1.0000          0 
 24.0000    2   10.000   1.0000             2
 34.0000    0    2.000   1.0000          0 
 36.0000    4   10.000   1.0000             4
 46.0000    0    4.000   1.0000          0 
 50.0000    4   10.000   1.0000             4
 60.0000    0   16.000   1.0000          0 
 76.0000    3   10.000   1.0000             3
 86.0000    0    2.000   1.0000          0 
 88.0000    1   10.000   1.0000             1
 98.0000    0   14.000   1.0000          0 
112.0000    1   10.000   1.0000             1
122.0000    0   12.000   1.0000          0 
134.0000    2   10.000   1.0000             2
144.0000    0    4.000   1.0000          0 
148.0000    2   10.000   1.0000             2
158.0000    0    2.000   1.0000          0 
160.0000    4   10.000   1.0000             4
170.0000    0    6.000   1.0000          0 
176.0000    1   10.000   1.0000             1
186.0000    0   14.000   1.0000          0 
200.0000    3   10.000   1.0000             3
210.0000    0    6.000   1.0000          0 
216.0000    3   10.000   1.0000             3
226.0000    0    2.000   1.0000          0 
228.0000    4   10.000   1.0000             4
238.0000    0    4.000   1.0000          0 
242.0000    2   10.000   1.0000             2
252.0000    0   14.000   1.0000          0 
266.0000    3   10.000   1.0000             3
276.0000    0    4.000   1.0000          0 
280.0000    5   10.000   1.0000             5
290.0000    0    2.000   1.0000          0 
292.0000    3   10.000   1.0000             3
302.0000    0   12.000   1.0000          0 
314.0000    2   10.000   1.0000             2
324.0000    0    2.000   1.0000          0 
326.0000    1   10.000   1.0000             1
336.0000    0   10.000   1.0000          0 
346.0000    4   10.000   1.0000             4
356.0000    0    2.000   1.0000          0 
358.0000    4   10.000   1.0000             4
368.0000    0    6.000   1.0000          0 
374.0000    3   10.000   1.0000             3
384.0000    0   16.000   1.0000          0 
400.0000    1   10.000   1.0000             1
410.0000    0    8.000   1.0000          0 
418.0000    5   10.000   1.0000             5
428.0000    0   14.000   1.0000          0 