  -6.8009483e-02  -1.2284264e-01  -4.0921092e-02  -6.6569507e-02   3.1965214e-02   2.0757102e-01   2.7891761e-01   1.8903131e-01   1.8062687e-01   2.3217815e-01   3.0116194e-01   2.6232238e-01   1.1225351e-02   8.1930270e-02  -9.2392467e-02  -3.3907238e-01  -2.8422993e-01  -3.2916267e-01  -2.5709961e-01  -4.4361490e-01
  -9.3422901e-02  -2.2113090e-01   7.7857905e-04   8.2153888e-02   1.9005529e-01   3.4204252e-01   2.5013174e-01   1.2222819e-01   7.3637373e-02   2.1886160e-01   1.6026557e-01   2.1178579e-01   2.5371780e-01   2.4755774e-01   2.9149524e-01   1.7947821e-01  -2.9976749e-02  -1.3969662e-01  -4.6859403e-03  -1.0208921e-01
  -1.2357484e-01  -8.7082184e-02  -2.6600340e-01  -2.8341348e-01  -4.9764931e-01  -2.8164004e-01  -2.0956779e-01  -1.6560045e-01  -2.0109805e-01  -2.6607473e-01  -1.7042444e-01   9.9881029e-02   1.7007539e-01   2.7321005e-01  -1.5048107e-01   9.1069435e-02  -1.0616061e-01  -1.3138430e-01  -3.0040080e-01  -1.7830960e-01
  -9.4102492e-02  -8.6488171e-02  -9.0225600e-02  -1.1644654e-01  -1.0113478e-01  -9.4197037e-02  -1.2961099e-01  -1.1709286e-01  -1.3436641e-01  -8.1874633e-02  -2.2798512e-01  -2.4419293e-01  -8.5541291e-02  -2.6102783e-01  -2.1227321e-01  -1.5824927e-01  -5.6433144e-02   2.7355900e-01   2.4016229e-01   1.5084158e-01
  -3.3133564e-01  -1.1508355e-02   7.6452286e-02   3.3218850e-01   8.3634417e-02   1.2887461e-01   3.1793099e-01   4.6334814e-01   4.5612518e-01   2.4477286e-01   3.9195166e-02  -1.8954888e-01  -3.6897740e-01  -5.3230820e-01  -3.7870728e-01  -1.7361490e-01   3.8922584e-02   3.2730219e-01   1.8095840e-01   1.2694483e-01
  -3.1783159e-02   1.8747737e-01   8.8049386e-02   6.5220287e-02   4.6799142e-01   4.7087100e-01   5.1404399e-01   2.4168945e-01   2.0010219e-01   2.2816633e-01   3.1080290e-01   8.9444690e-02  -1.1503054e-02  -2.8017236e-02   1.8157723e-01   7.4043043e-02   2.2655894e-01  -5.2069149e-02   1.6541084e-02  -1.0470698e-01
  -1.2154530e-01   1.2176119e-01   1.9537507e-01  -1.6195593e-01  -2.8989473e-01  -1.3926226e-01   2.1266041e-02   2.3225837e-01  -2.9487979e-02  -4.9586561e-02  -1.0438299e-01  -2.2837324e-01  -2.2821489e-02  -4.8897277e-02  -3.0872034e-01  -2.5121966e-01   1.0945644e-01  -6.8813821e-02   1.8251013e-01   2.0382904e-01
  -5.8994428e-02   2.6967744e-01   1.7787252e-01   1.8204166e-01   7.2713949e-02   1.5138286e-02   3.9349745e-01   2.5946314e-01   1.1299206e-01   1.4854746e-01  -2.5120221e-02   1.3327102e-01   3.1416875e-01   3.5283005e-01   1.9995842e-01   3.3277831e-01   5.9541000e-01   3.6216818e-01   2.3021075e-01   3.0376945e-01
  -1.7050721e-01   1.8425517e-01   5.6105691e-01   9.4821269e-01   9.4449328e-01   1.1514500e+00   1.2774514e+00   1.3717078e+00   1.5927413e+00   1.5023019e+00   7.6849111e-01   2.8522925e-01  -7.7017087e-02  -1.5131047e-01   4.7116412e-01   1.1558859e-01   2.6549417e-01   3.5739864e-01   7.5723074e-01   7.8041668e-01
  -1.6009622e-01   4.5975365e-02   5.7509969e-01   9.1509071e-01   1.1244038e+00   1.1625695e+00   1.1367398e+00   9.9729273e-01   9.7203763e-01   1.1044346e+00   2.2051665e-01  -1.6686971e-01  -3.2913930e-01  -9.5349195e-02  -4.8519559e-01  -2.1908391e-01  -1.7710784e-01   4.6282996e-01   5.4549493e-01   4.5995175e-01
  -1.0963510e-02   1.4291857e-01   6.1260251e-01   5.1950062e-01   4.7760193e-01   4.6868375e-01   4.3427711e-01   4.9051748e-01   8.4584338e-01   4.0978937e-01   1.2993089e-01  -3.3235968e-01  -1.6627645e-01   3.6763472e-02   3.0653862e-01   3.9149843e-01   4.2382301e-01   6.4270150e-01   8.5096961e-01   9.7704806e-01
  -1.6219356e-01   1.8793700e-01   4.2782818e-01   8.4349588e-01   7.7136058e-01   7.5566715e-01   7.8751208e-01   7.4110929e-01   1.1521878e+00   7.3324980e-01   5.3574230e-01  -9.3056478e-02  -2.4471308e-01  -4.7916727e-01  -4.4141502e-01  -5.0867616e-01  -1.9209306e-01   3.8020556e-01   7.8197085e-01   8.8243990e-01
   3.8987051e-01  -1.4378016e-02  -4.0123792e-01  -2.0052938e-01   1.8536963e-01   6.1294333e-01   6.2773818e-01   1.3286117e-01   6.2395210e-02   2.0361551e-01   1.7381218e-01  -2.8906705e-01  -1.1998369e-01  -1.4084511e-01  -2.4274477e-01  -1.2941559e-02   2.2190792e-01   9.8183031e-02  -3.1086929e-01  -6.7878852e-01
   2.3266716e-01   5.5268496e-01   4.6557745e-01  -5.4063527e-02  -3.9430849e-01   1.3432117e-01   1.3473114e-01   1.0548585e-02   1.0403151e-01   3.4760664e-01   8.0710411e-01   6.5639604e-01   4.6842914e-01   3.3333826e-01   1.2391988e-01   4.1250974e-01   3.8930734e-01  -1.9198170e-02  -1.4159525e-01   8.7244405e-02
   8.9954300e-01   4.4431443e-01  -1.8296721e-01  -5.2838980e-01  -7.3803327e-01  -7.3879099e-01  -5.6732347e-01  -1.0991729e+00  -8.9042346e-01  -7.1948570e-01  -2.9952533e-01  -3.0063941e-01  -4.7817356e-02   7.5484274e-02  -1.4478462e-01  -3.8027506e-01  -3.8107063e-03  -1.9538174e-01  -3.2563266e-01  -8.5637007e-03
  -2.6295516e-01  -1.2932000e-01  -5.8998552e-01  -5.6048524e-01  -1.6499169e-01  -6.3485436e-02   2.4679893e-01   2.0381092e-01   2.7380652e-01   2.1843752e-01  -4.4949501e-02  -9.8973538e-02  -4.1439338e-01  -2.6024155e-01  -6.3287435e-03   4.8874601e-01   3.4346691e-02  -4.2643896e-01  -1.4323113e-01   1.0524169e-02
   1.5392958e-02   3.2681226e-01   3.6766132e-01   3.6170753e-01   5.4531764e-01   5.1334758e-01   3.3574485e-01   4.1101555e-01   3.2236335e-01   1.3001897e-01   3.9724723e-01   2.0960127e-01   3.2827186e-01   2.3105663e-01   2.7278943e-01   2.6219610e-02  -1.4800836e-01  -2.4669686e-01  -4.0702426e-01  -4.6928419e-01
  -2.0370514e-02   2.3296701e-01   3.2094747e-01   5.2023009e-01   8.4028249e-01   9.4562608e-01   8.6950790e-01   9.2554547e-01   9.7926841e-01   9.6543008e-01   7.0945372e-01   2.1193626e-01  -7.9893226e-02  -1.0994204e-01   1.9608854e-01   1.3392935e-01   2.6157727e-01   2.6197167e-01   4.2782607e-01   7.0366320e-01
   4.4370692e-01   6.0168163e-01   3.9467239e-01  -1.9963802e-02  -1.4727177e-01  -4.2881328e-02   1.4895827e-03   2.8141947e-01   9.0554065e-02   7.5906704e-02   3.5106267e-01   1.8723661e-01  -2.3065546e-02   1.2389380e-01   2.7008979e-01   4.4560353e-01   4.7019507e-01   4.7960166e-01   3.9029435e-01   1.3520362e-01
   1.9406707e-01   9.2813282e-02  -1.2682910e-01  -3.8530351e-02  -2.5177200e-01  -1.2990783e-01   1.0197373e-01   3.6920942e-01   3.6209516e-01   3.1136925e-01   3.0921708e-01   3.4696817e-01   3.3168460e-01   2.1274416e-01  -8.8888736e-02  -1.4212339e-01   3.0431343e-01   1.4184480e-01  -4.5436523e-02   8.7232174e-02
  -2.2611086e-01   3.8454438e-02  -1.7761236e-01  -9.1113679e-01  -6.0135745e-01  -2.8268124e-01  -1.5093882e-01  -2.5553058e-01   1.8751920e-01   7.8554415e-01   1.1399676e+00   1.1776095e+00   7.7774912e-01   8.0842042e-01   6.9469719e-01  -3.2926686e-02  -3.5531646e-01  -4.0326610e-01  -5.8901822e-01  -3.7296115e-01
  -1.4058540e-01   2.8037287e-01   4.3506949e-01   2.1518558e-01   7.1671655e-01   9.7656563e-01   8.6309752e-01   1.2487665e+00   1.4139310e+00   1.0979702e+00   1.1039625e+00   8.9160256e-01   8.6634715e-01   5.0666581e-01  -1.4650856e-01  -1.0448220e-01  -3.7884579e-01  -6.0087824e-01   9.3468056e-02  -4.6265245e-01
   8.3355279e-01   1.2436543e-02   3.1612334e-01   2.0479303e-01  -1.1994270e-01  -8.9594716e-03   3.9666652e-01   3.9041152e-01   2.5399236e-01   1.3557669e-01  -1.0924337e-01   5.2385804e-01   1.3646709e-01   2.2660259e-01   1.5061152e-01   6.8063943e-01   7.8536606e-01   7.1532767e-01  -3.1825322e-01  -1.4426984e-01
  -8.5099277e-01  -9.4611300e-01  -1.1146906e+00  -1.3547315e+00  -1.3907129e+00  -6.0082566e-01  -3.2244187e-01  -4.2060922e-01   5.0586404e-02   2.3189588e-01   5.9056645e-02  -7.3334319e-02  -2.1027697e-01  -8.7267721e-02  -3.6236520e-01  -4.1688125e-01  -6.0738322e-02   6.2970421e-02  -6.0165189e-01  -4.0695184e-01
  -1.9457304e-01  -4.5343216e-01  -3.7224818e-01   8.1005441e-02   2.5612848e-01   2.8004301e-01   6.8708797e-01   1.1863059e+00   8.1072074e-01   5.9861226e-01   7.6014666e-02   2.7672752e-01  -3.4635898e-02  -2.0067554e-01  -1.8099945e-01   6.9726870e-02   2.1761605e-01   1.4260529e-02   2.9208538e-02   1.6239663e-01
  -9.6843507e-02  -2.5174108e-01  -1.0663691e-01  -2.6735825e-02   3.0301606e-01   7.3190571e-01   1.0685840e+00   1.0424143e+00   8.1831415e-01   3.9227474e-01   3.1065367e-01   5.5698233e-02   6.5956346e-01   4.3466756e-01  -1.2742920e-01  -5.4431585e-03   1.4861929e-01   2.8169075e-01   3.5312428e-01  -1.8379340e-01
   1.0044986e-01   5.1239431e-01   2.6484597e-01  -2.6284592e-02  -2.9694272e-01  -1.8352251e-01  -1.8009091e-01  -7.5720236e-02  -2.6866837e-01  -5.2989715e-01  -8.0606485e-01  -4.7338035e-01  -4.9854955e-01  -2.4388195e-01   4.4796250e-01  -1.6394262e-01  -5.2621517e-01  -1.2878607e-01   2.1874074e-01   2.9969807e-01
   5.3145822e-01   2.7031785e-01   4.5601890e-01   2.5984314e-01   6.9605710e-02   9.2951026e-02   3.6137559e-01   4.5736160e-01   4.2430591e-01   5.3776861e-01   4.5795392e-01   3.6138120e-01   2.2747697e-01   4.1467709e-01   4.6764112e-01   5.1655722e-01  -2.9682898e-01   5.4640841e-02  -1.7959962e-01  -1.0782754e-01
   2.7070641e-01   6.4989367e-01   7.6145911e-01   6.1913803e-01   8.4336188e-01   1.1131601e+00   1.4676158e+00   1.6502825e+00   1.7877611e+00   1.2056197e+00   6.1557204e-01  -9.2660574e-02  -8.0721352e-02   1.4914520e-01   3.9460808e-01   2.7680590e-01   3.8411391e-01   6.5170167e-01   4.3639552e-01   5.9145761e-01
   4.5892849e-01   6.6908878e-01   7.4404673e-01   7.5189747e-01   1.0573632e+00   1.4004039e+00   1.3916727e+00   1.6306732e+00   1.7309678e+00   1.3020093e+00   1.1037724e-01  -2.4290424e-01  -3.0993417e-01  -1.7460338e-01   2.2299994e-01   5.1504374e-01   6.0223531e-01   5.9308363e-01   2.1988293e-01   4.2389175e-01
   5.7834772e-01   7.9207945e-01   9.6110438e-01   4.3122162e-01   3.6657763e-01   5.1305700e-01   5.4124787e-01   1.2262241e+00   1.3831109e+00   9.1122034e-01   1.3118571e-01  -9.5748288e-02  -7.5844863e-02  -1.2263455e-01   7.7253528e-02   1.5788164e-01   2.9164931e-01   2.6145634e-01   1.6713181e-01   2.0119087e-01
   1.8542445e-01   4.1750939e-01   5.6638002e-01   2.5746057e-01   3.3394147e-01   5.7451614e-01   7.3986335e-01   6.9201161e-01   1.0778076e+00   7.7509617e-01   4.7987225e-01   3.1101408e-01   1.5994440e-01   3.2957710e-01  -8.4928707e-02  -6.7673548e-02   1.5890577e-01   5.9832726e-01   8.2923100e-01   7.2328452e-01
  -1.4114640e-01  -1.3892229e-01   3.2887210e-01   1.3558002e-02   1.2306730e-01   2.7488580e-01   5.6857799e-01   7.0741028e-01   1.0593263e+00   7.0145359e-01   2.3869506e-01   5.5087033e-01   6.7531432e-01   1.8482329e-01   7.5671881e-02  -2.3461782e-02   3.1914849e-01   3.0340605e-01   1.8331666e-01   8.5765011e-02
  -1.5807315e-01   2.0207941e-01   2.1009990e-01  -5.9748981e-02  -2.0443561e-01   1.7704945e-01   4.3700379e-01   4.7282615e-01   3.4897848e-01  -6.7850761e-03  -1.9934390e-01  -3.0926386e-01  -8.8040568e-02  -4.1317094e-01   7.6981162e-02  -3.8969243e-01  -2.4533123e-01   1.7617408e-01  -1.1125117e-01  -2.7218193e-01
   1.9190320e-02   2.2639280e-01   1.7053871e-01   7.2582162e-03   6.2185245e-02  -3.9814578e-02   3.8122564e-01   6.5383877e-01   5.0416756e-01   5.5772176e-01   6.9032510e-02   4.7376275e-01   4.7485312e-01   3.5303522e-01   2.1070224e-01   3.1883536e-01   2.2038605e-01   2.8058076e-01   2.0223593e-01   8.2319660e-02
  -2.3394344e-01  -6.8293949e-02   2.5309028e-01   7.4797342e-03  -2.2913813e-01  -1.4717980e-01   3.2591786e-01   2.7919796e-01   4.6963141e-01   2.2012252e-01  -1.6203022e-01  -2.2962720e-01   5.8441900e-02   2.0063356e-01   1.6133061e-01  -2.6687479e-02  -1.9626326e-01  -9.9751684e-02  -3.2685961e-01  -1.4567428e-01
   1.4384674e-01   1.9269886e-01   3.4820004e-02  -3.4481497e-02   2.7648077e-01   3.6879388e-01   5.8780921e-01   6.0338867e-01   7.2235332e-01   5.9977570e-01   3.9297896e-01   5.2943037e-02  -2.6128744e-01  -2.2588906e-01  -1.2029022e-01  -1.4238893e-01  -1.7063845e-01  -1.7196148e-01  -1.6420425e-01  -3.0318367e-02
  -2.4782985e-01  -2.8743062e-01  -3.7979224e-01  -4.2544330e-01  -5.6664856e-02   3.0791542e-01   5.4610549e-01   5.2388185e-01   5.0808760e-01   4.3723962e-01   3.0461761e-01   1.4557310e-02  -5.4159557e-02   1.6748428e-01   6.8081046e-02  -3.0903541e-02  -6.0108888e-02  -1.6446537e-01  -3.0531883e-01  -1.8100245e-02
   7.8864264e-02  -6.0349277e-02  -1.3265184e-01  -4.3260933e-01  -1.5813332e-01  -1.3512675e-01   4.0296174e-02  -3.6437299e-02   3.9622277e-02  -4.3695738e-02  -1.1277221e-01   2.0378313e-02   3.9063955e-02  -7.3620679e-03   6.0202735e-02  -4.8934094e-02   3.9086122e-03  -3.9087194e-02  -2.5639267e-01  -2.0159272e-01
   3.7156673e-02  -7.8942414e-02  -1.7644473e-01  -1.7024776e-01  -3.3705431e-01  -1.7196617e-01  -1.6732397e-01   1.5119841e-01   2.8454506e-01   1.0599767e-01   1.0437305e-01  -1.9181119e-01   1.2829498e-02  -7.5977266e-02  -2.6819144e-01  -8.2251662e-02  -5.2391737e-02  -1.3424462e-01  -1.7807237e-01  -5.0496166e-02
  -1.4407698e-01  -1.1600810e-01  -1.9270696e-01   1.2984912e-01   4.4561058e-02   5.1356560e-01   7.3956422e-01   3.9431909e-01   3.6286301e-01   7.6678014e-02  -1.8437331e-01  -1.8437613e-01  -6.5735432e-01  -2.6094758e-01  -3.5679712e-01  -1.4805681e-01   1.5879673e-01  -3.4300903e-01  -2.0625856e-01   3.9344082e-01
   2.2494197e-01   2.7505593e-01   1.8848574e-01   2.0885767e-01   8.9806902e-01   1.2389511e+00   1.5362082e+00   1.1615111e+00   6.4102323e-01   5.2990060e-01   5.9937784e-01   4.3344355e-01   4.5873131e-01   5.0668814e-01   2.9812129e-02  -9.2947064e-02  -3.1223743e-01  -8.9412052e-01  -5.6106859e-01  -4.6448560e-01
  -3.4275021e-01  -7.8602808e-01  -1.0392547e+00  -1.0722007e+00  -7.5410604e-01  -5.3691704e-01  -3.4836826e-01  -1.3545395e-01  -3.3626248e-01  -4.6890880e-02   1.1491623e-01  -7.6396429e-02  -1.3014828e-01   3.5407464e-01   2.4071640e-01   4.3135553e-02  -3.4991659e-01  -7.8919570e-02   1.6475619e-01  -2.2136602e-02
   2.0549491e-01  -9.0666753e-02  -5.8794944e-02   1.7067292e-02   1.2806978e-01   2.6854059e-01   3.6606347e-01   3.0590392e-01   1.5582824e-01  -1.5149660e-01   1.3659601e-01  -3.8536324e-02  -3.6261513e-01   5.1132047e-03   1.4332943e-01  -1.6404073e-02  -1.0931185e-01   2.1697099e-01   1.7871977e-01   6.3247328e-01
   1.5974551e-01  -7.3102206e-02  -2.4416803e-01   8.6354135e-03   3.7045340e-01   4.1189067e-01   2.0952409e-01   2.7168911e-01   3.3484775e-01   4.0054825e-02  -6.9276415e-02  -2.1167056e-01  -2.5663460e-01   2.7255915e-02   1.0218487e-01   6.1840584e-02  -9.1225721e-02  -1.8530135e-01  -2.3925036e-01  -2.1824454e-01
   1.8324221e-01   8.8768296e-02   2.7951483e-02   7.2195447e-02   3.2623488e-01   5.6041660e-01   5.2983058e-01   1.4530757e-01   2.5524753e-01   7.4026868e-02   3.5217535e-02  -1.2487621e-01  -6.0774209e-03  -1.0786492e-02   1.1296810e-02   1.0513576e-01   8.6406797e-02   1.1466862e-02  -1.1704427e-01  -1.4295720e-01
  -2.1860480e-01  -1.8034536e-01  -2.1827092e-01  -2.4212688e-01  -2.8757519e-01  -4.4258024e-02  -6.8295306e-02  -1.7264985e-01  -2.3923866e-01  -3.0098934e-01  -3.0577075e-01  -2.3487659e-01  -1.5575861e-01  -1.4903524e-01  -3.2681495e-01   8.3885617e-02   1.3084470e-01  -6.6085076e-02   5.1952433e-02   4.2111844e-01
   2.1610583e-01   1.1903754e-01   8.2456506e-02  -4.2126109e-02  -1.1089199e-01   1.1437408e-02  -7.6098847e-02  -2.5063152e-01  -3.3199201e-01  -3.5577809e-01  -3.8385934e-01  -2.5240866e-01  -9.4458541e-02  -3.5053154e-02  -1.4261361e-01   1.3216028e-01   1.0709204e-02   9.7333708e-02   2.1013880e-01   2.0173470e-01
   7.1902350e-02  -3.4706931e-02  -4.2315148e-01  -2.8232912e-01   1.2208389e-01   8.3559580e-01   8.8389462e-01   5.0282034e-01   3.9078026e-01   3.1178654e-01   1.3697505e-01  -5.9771335e-02  -2.0189737e-01  -6.2892884e-02  -2.3640284e-01  -8.2277466e-02  -2.0456583e-01  -4.8193685e-01  -3.4428035e-01  -6.4189184e-02
   1.0539435e-01   2.2768312e-02  -1.4134399e-02   1.7153132e-01   3.7103753e-01   8.5914708e-01   7.2650241e-01   5.5771380e-01   6.4158518e-01   6.1434458e-01   2.7386441e-01  -2.8408619e-01  -4.0857612e-02   2.7030632e-01   2.0228657e-01  -1.5139671e-01  -9.0181396e-02   2.6268109e-02  -1.9007886e-01   6.2481730e-04
  -2.3053833e-01  -4.0642733e-01  -3.2627990e-01  -2.5480394e-01  -6.5038465e-02  -1.0620327e-02   1.4562934e-01   2.3204862e-01   1.8472261e-01  -2.4052614e-01  -3.7636953e-01  -3.4830864e-01  -5.3538522e-02  -5.3298578e-02  -3.5495455e-02  -5.1019699e-01  -3.8080854e-01  -3.7539057e-01  -9.7117129e-02   4.4520990e-01
  -7.3484893e-01  -3.7448945e-01  -2.0076991e-01  -1.6120355e-01   2.1870261e-01   2.3867846e-01   1.0763801e-01   1.4274012e-01  -5.3469819e-03  -3.0538419e-01  -6.5523119e-01  -6.4947005e-01  -3.0980825e-01   5.5536355e-02   2.8503891e-01   8.8981408e-03  -4.0084399e-01  -3.6849421e-01  -5.2155782e-02   2.1588625e-01
