  -5.7186603e-02  -1.0485905e-01  -4.6046948e-02  -2.4673111e-02  -1.2889854e-02  -5.4830610e-02  -1.5831456e-01  -1.3014844e-01  -1.6325785e-01  -2.0142644e-01  -4.0181286e-02   1.8488380e-01   2.2810639e-01   2.5801695e-01   2.8232656e-01   4.1685606e-03  -3.5785130e-01  -5.5881712e-01  -3.7359720e-01  -2.3180112e-01
  -1.3675342e-01  -2.5110077e-01  -2.3263753e-01  -4.7584244e-02   9.1071871e-04   3.3858685e-02  -5.5489776e-02  -2.6888152e-02   8.3630037e-02  -1.5876078e-01  -2.5550710e-01  -2.4888393e-01  -2.4773814e-01  -1.1247407e-01  -2.7401637e-02  -5.9674148e-02  -1.6424875e-01  -5.7467875e-02  -1.3451117e-01  -6.6840278e-02
  -2.0624742e-01  -4.9234993e-01  -5.5185911e-01  -3.8106915e-01  -4.0440154e-01  -4.3997544e-01  -5.4868123e-01  -4.5801106e-01  -3.3827911e-01  -4.0673081e-01  -3.0013553e-01  -4.3851949e-01  -6.0405039e-01  -2.6411716e-01  -5.1562124e-02  -2.8157655e-01  -3.0510595e-01  -8.1991765e-02   5.1395957e-02   1.5997935e-02
  -2.1235449e-01  -4.7751887e-01  -3.9462135e-01  -2.9099589e-01  -3.0241608e-01  -3.7870140e-01  -6.7324781e-01  -5.9088121e-01  -4.4392981e-01  -6.2354323e-01  -4.2047447e-01  -2.4213589e-01  -1.2559383e-01  -3.3837046e-02   1.1676516e-01  -2.0649160e-01  -2.0070183e-01  -3.8937766e-01  -1.6498967e-01  -2.9820085e-01
  -3.7627191e-02  -3.4737403e-01  -1.1324602e-01   1.2301328e-01  -7.8056160e-02   1.4724131e-01  -1.1990157e-01  -1.4723916e-01  -1.6508056e-01  -4.4404506e-01  -3.3307395e-01  -3.2402614e-01  -5.6349941e-02   4.4718745e-02  -3.3121465e-02   2.8836560e-02  -8.9636540e-02  -1.9152268e-01  -2.8551063e-01  -1.1934676e-01
  -7.7756509e-02   6.4127465e-02   9.0768435e-02   1.9309106e-01   1.6849404e-01   1.9571100e-01   4.6092787e-02   8.5669099e-02   1.8572431e-01   5.3597534e-02  -1.9254344e-01  -2.0843943e-01  -1.5565707e-01   1.3513689e-01  -3.6915410e-01   1.6803179e-02  -1.2517229e-01   1.5463559e-01   5.9809824e-02   2.6467932e-02
  -1.5393379e-01  -3.1341778e-01  -2.0145101e-01  -3.0340497e-01  -2.9062432e-01  -3.4883315e-01  -1.7709280e-01  -2.1889581e-01  -2.4613946e-01  -1.8110185e-01  -1.6759928e-01  -2.3486046e-01  -2.4091744e-01  -8.2901389e-02  -2.3913368e-01  -4.1373313e-01  -3.3041553e-01  -1.4382941e-01   3.4528799e-01   4.9393139e-02
   6.1299688e-02   8.2213431e-02   1.7121212e-01   3.2346992e-02   1.0329286e-01  -1.4877924e-02  -3.1513340e-01  -5.0980363e-02  -2.6815970e-01  -2.6670506e-01  -4.4295022e-01  -2.2633661e-01  -3.6133792e-01  -5.6184055e-02   4.8351153e-03   1.3771986e-01   7.9437918e-02   1.8741393e-01   3.3894315e-01   9.2288459e-02
   8.2665258e-04   2.7966278e-01   3.6776838e-01   7.0994774e-01   6.1373478e-01   4.3104394e-01   3.0318804e-01   3.7397868e-01   1.0841603e-01  -3.8635481e-02  -1.5285580e-01  -1.0742561e-01  -2.1623123e-01  -3.6184869e-01  -4.5345670e-01  -2.9038267e-01   6.3301238e-02   1.8107789e-01   3.3294584e-01   4.7924477e-01
   1.2538436e-01   2.6014146e-01   4.2994815e-01   6.5206978e-01   7.2838195e-01   5.2663918e-01   3.3331042e-01   1.6559236e-01   6.0073851e-01   2.5190197e-01   3.1046892e-01   1.8472067e-01  -5.9211361e-02  -3.1575768e-01   5.9138057e-02  -2.4075875e-03   1.6758846e-01   3.9134816e-01   6.8551345e-01   6.4855611e-01
  -6.7061308e-02  -8.5784170e-02   3.1232918e-01   3.2126838e-01   3.8474641e-01   1.4370026e-01   4.4244455e-02   2.0987215e-01   1.3930768e-01  -2.0054055e-01  -1.8896620e-01  -1.6867014e-01   4.0618719e-02   2.0162945e-01   1.5693574e-01   2.0925934e-01   3.0610184e-01   5.8047205e-01   6.3269590e-01   6.4756171e-01
  -3.1631171e-01   1.5788540e-01   2.7623960e-01   3.8554146e-01   5.0002256e-01   1.7093689e-01   2.3641600e-01   2.2388766e-01   9.0294984e-02  -9.9488037e-02  -7.1393141e-02   3.2721669e-02   1.1191224e-01   4.9258184e-02   6.3329890e-02   6.3551616e-02   1.3943916e-01   2.5030739e-01   4.7667548e-01   5.5351901e-01
   1.3777482e-01  -1.8643719e-01  -2.8908574e-01  -2.2825911e-01   6.1967974e-01   9.5368440e-01   9.5695649e-01   4.7830955e-01   4.6557972e-01   9.1886577e-01   9.1865035e-01   4.7789156e-01  -7.1888099e-02  -6.1723690e-02   6.3071618e-02   5.1974057e-01   9.6362055e-02   1.8542231e-01  -1.8128351e-01   1.8900700e-01
   2.3288543e-02   3.0470917e-01   3.0989194e-01  -2.1059694e-02   1.3896362e-01   5.8847294e-01   4.6840094e-01   4.2070173e-01   6.2721630e-01   1.0210527e+00   8.6576996e-01   7.0575861e-01   3.6145468e-02  -1.9419998e-01  -3.0794178e-01  -5.0464297e-01  -4.0330172e-01   2.8599617e-02   9.2295418e-02   4.0501005e-01
   2.0522625e-01  -2.9384057e-01  -1.4048176e-01  -2.6395256e-01  -1.7997285e-01  -5.1504388e-01   7.0234150e-03   1.7897796e-01  -3.1240746e-01  -1.2001505e-02   6.2923358e-02   1.2228231e-01   2.4403947e-01   1.1666540e-01   2.1166713e-01   2.4088142e-01   1.5605719e-01  -2.3512831e-01  -2.6612199e-01   2.8678915e-01
   1.5820125e-02   1.4395387e-01   1.1183843e-01  -2.4398756e-02   1.6949229e-01  -1.9805272e-02   2.4579737e-01   1.4523961e-01  -2.2545025e-02   2.5164789e-01   2.4184702e-01   2.7463619e-01   1.6266758e-01  -1.4294266e-01  -5.4335054e-02   5.1423347e-01   4.1545316e-01   8.6262500e-01   6.0994732e-01   3.7004163e-01
  -2.8512633e-01  -4.8483554e-01  -3.4900392e-01  -1.8301028e-01   1.2298689e-03  -5.6490999e-02  -1.0530988e-01   5.6025261e-02   8.3970556e-02   5.8216280e-02   8.3053460e-02   1.0649212e-01   1.3106147e-01  -1.5339067e-01   1.2273498e-01   1.5882391e-01   3.2013360e-01   3.2282928e-02   7.5635986e-02   4.1693296e-01
   2.0086757e-01   1.8335775e-01   9.2299268e-02   1.9894592e-01   3.4188447e-01   4.9714172e-01   3.9035518e-01   3.4009174e-01   3.7423261e-01   2.2325345e-01  -7.2169344e-03  -2.3512629e-01  -3.2725206e-01  -3.4429791e-01  -1.3585277e-02  -1.0733987e-02  -1.0105769e-01   9.0881643e-02   2.4490695e-01   4.3801349e-01
   2.2609275e-01   1.3567838e-01   8.2693386e-02   1.7403225e-01   3.9713102e-01   5.0800917e-01   4.1241333e-01   2.8430786e-01   1.0504313e-01  -8.3494330e-02  -1.9939350e-02   9.1987592e-02   2.2021986e-02  -1.8011054e-01  -7.7788567e-02  -4.7324992e-02  -9.0343463e-02  -2.0120477e-01  -1.4500625e-01  -1.1010626e-01
   2.8707775e-03   1.5387978e-01  -2.3827090e-03   2.1011277e-01   2.6590344e-01   3.7230059e-01   2.5260207e-01   3.2171523e-01   2.2997361e-01   8.2002195e-02   1.3379061e-01   9.0628163e-03  -6.8194483e-02   1.0450203e-01   4.6140808e-02   6.6727290e-02   4.7602505e-02   5.7394810e-02   3.0001999e-01   3.6090824e-01
  -4.8423514e-01  -3.8150702e-01  -7.0331416e-01  -2.9492463e-01  -7.3129642e-02   3.6924160e-02   1.8821052e-01   3.5510365e-01   6.3418395e-01   1.1506333e-01   3.1601373e-01   5.4967339e-01   3.8874013e-01   6.2573779e-01   7.3053682e-01   5.0003758e-01   2.2415449e-01  -1.2447446e-01  -1.4250434e-01  -3.5297786e-01
  -5.0311916e-01  -7.1500280e-01  -6.7972199e-01  -1.0911921e+00  -9.1005218e-01   1.1567163e-02   1.2145897e-01  -5.0532701e-02   1.4979434e-02   1.3124518e-01   5.5247385e-01   4.6490915e-01   5.3557030e-01   2.7518568e-01  -1.0862245e-01  -5.0469370e-01  -8.9641623e-01  -8.0237389e-01  -1.1919171e+00  -1.2127751e+00
   2.4451750e-01  -2.7451912e-01  -6.4614044e-01  -9.0915259e-01  -1.0636933e+00  -1.1002136e+00  -4.4467777e-01  -2.1169571e-01  -7.3789936e-01  -3.0429121e-01  -2.2472369e-01   2.7678217e-01   3.2590348e-01   2.2659954e-01   1.1908012e-01  -7.8651798e-02  -4.0276663e-01  -3.9358549e-01  -4.2971380e-01  -3.5512658e-02
  -1.5109526e-01  -9.8517737e-01  -3.6138544e-01  -2.4759622e-01  -6.8950810e-01  -7.8045334e-01  -4.1766171e-01  -2.3264309e-01  -7.6773844e-01   1.2390510e-01   4.0786499e-02  -1.9960490e-01  -9.1724245e-03  -6.8814498e-02   2.3383881e-01   1.9258850e-01  -4.5236861e-01  -3.9864232e-01  -7.0440971e-01  -8.7084027e-01
  -2.6049006e-01  -8.4263123e-02   4.1031721e-01   8.1145632e-01   7.2322387e-01   3.3632502e-01   4.0388481e-01   6.0077744e-02   8.1522492e-02   3.7649582e-02   4.7481404e-03   1.9091205e-01  -1.1085825e-01  -1.1238135e-01   1.3205444e-01   2.9395303e-01   3.3432024e-02   2.2224650e-01   4.1840245e-01   4.6301560e-01
   3.5507633e-01   2.2953499e-01  -4.2545949e-02  -1.9801852e-02   5.9084529e-01   2.2942245e-01  -8.4722710e-02   4.1155532e-02   2.0653491e-01   2.8601269e-01   5.8534240e-02   6.3706904e-02   4.4021837e-01   2.6086153e-01  -5.3797863e-02   8.4187931e-02   3.1160388e-01   2.3443424e-01   1.4358238e-01   3.5851844e-01
   8.1946534e-01   3.8843885e-01  -1.3013507e-01  -6.8670815e-02  -9.2418065e-02  -2.3034034e-01  -4.0002467e-01  -4.0964709e-01  -3.2684116e-01  -3.9977751e-01  -1.2625078e-01   1.3607814e-02   1.0866165e-01   2.1790213e-01   3.9047673e-01   3.0432156e-01  -2.9723140e-02   1.6102908e-01   6.0597801e-02  -2.9697594e-01
   2.4425883e-01  -9.2343624e-03   1.4566427e-01   2.4856300e-01  -2.0914885e-01   3.5088283e-02   2.0119844e-01  -2.5053738e-01  -7.6654951e-01   2.4676611e-01  -1.3427687e-01  -2.6285458e-01   1.6679899e-01   2.3458095e-01   3.0927380e-01   1.2117896e-01  -3.7225881e-02   8.3691206e-02   3.9291213e-01   3.1916014e-01
   6.5528732e-01   7.5627828e-01   7.1288633e-01   1.2559453e+00   1.9157606e+00   1.9264505e+00   1.8029080e+00   1.6353690e+00   9.9155104e-01   1.6459793e-01   5.3501286e-02   7.6815842e-02  -4.6655071e-01  -5.0114206e-01  -4.5266772e-01  -5.4078195e-02  -7.9609334e-02  -3.1489930e-02   7.3413124e-01   9.8841729e-01
   1.7830452e-01   1.5383200e-01   5.1309645e-01   1.2544627e+00   1.5955789e+00   1.4623916e+00   1.3142556e+00   1.4628075e+00   1.0511995e+00   7.3712172e-01   5.7528199e-01   5.1334676e-01   7.0536557e-01   5.1072851e-01   2.1322276e-01   5.9849473e-01   5.5581865e-01   3.4167054e-01   6.4361945e-01   1.1382439e+00
   4.3911332e-01   1.9398240e-01   1.7737774e-01   7.3665436e-01   1.1374538e+00   7.8949244e-01   4.4564083e-01   6.8343939e-01   8.0455796e-01   5.6232721e-01   3.7778650e-01   1.9683371e-01   2.8253448e-01   3.6456033e-01   8.6107645e-01   8.1436582e-01   3.6906804e-01   4.9031637e-01   8.9652805e-01   1.6289441e+00
   7.3902323e-01   2.9913738e-01   3.5615174e-01   7.8795675e-01   1.2199225e+00   1.2596776e+00   1.0540677e+00   1.0712277e+00   8.4841794e-01  -9.5616232e-02  -2.6027234e-01  -1.6896073e-01   8.0132762e-02   6.3134879e-01   6.1992166e-01   5.2557988e-01   4.6845137e-01   6.7423998e-01   1.3758376e+00   1.7963511e+00
   2.1194291e-01  -2.5973443e-01  -4.9997195e-01  -1.1163812e-01   6.5884574e-02   6.4393750e-01   3.7354858e-01   6.3717897e-01   4.2005196e-01   1.0678798e-01   5.6381221e-01   5.1600634e-01   4.1430011e-01   4.3524867e-02   1.2951509e-01   8.2250231e-02   5.7743241e-02   2.5934285e-02  -8.5000304e-02   8.6762853e-02
   5.1123777e-01   2.0313746e-01  -1.3717720e-01  -3.9418713e-02   2.3959731e-01   1.9778893e-01  -5.5760416e-02   3.7400849e-01   4.9605161e-01   2.4525875e-01   5.2391132e-01   3.0010592e-01   2.2613084e-02  -6.8610887e-04  -3.4020754e-01  -1.1295736e-01  -2.8684872e-01  -4.4683427e-01  -4.7568607e-01  -2.4939127e-01
   2.6605791e-01   3.6851405e-02  -1.2450013e-01  -2.6592462e-01  -2.0075723e-01  -1.4190349e-01  -1.4130582e-01   1.1136719e-02  -2.9758717e-02  -2.6754708e-01  -1.3355329e-01   4.7863090e-01   2.6150763e-01   4.6332309e-02   2.4008513e-02   2.5878704e-01  -2.2384687e-01  -5.3761771e-01  -3.9839598e-01   1.3215768e-01
   1.1833008e-01  -3.4302974e-01  -4.3976679e-01  -3.9531353e-01  -6.4452404e-02  -2.4603288e-01  -2.4504821e-01  -2.0720908e-02  -1.7311142e-01  -3.7015007e-01  -1.2262393e-01   1.3591531e-01   2.5990121e-01   8.2360825e-03   1.1706711e-01   4.0877066e-01   9.8802334e-03  -2.0653702e-01   8.2791919e-02   1.9437415e-01
   1.8764399e-01   2.1574890e-01   3.5242374e-01   4.8097705e-01   3.2510803e-01   3.8202441e-01   4.2010395e-01   5.6565876e-01   4.8898363e-01   2.2586825e-01   1.0413336e-01   3.4949828e-02   2.7854547e-01   1.2301421e-01   1.5296074e-01   1.4652602e-01  -8.1139056e-02   4.1494907e-02   1.8188015e-01  -1.0221234e-02
   2.0390049e-01   1.7795671e-01   1.9942853e-01   4.2801326e-01   2.0258847e-01   2.6322967e-01   3.1098439e-01   5.9486899e-01   4.8079341e-01   7.5347485e-01   5.3025991e-01   4.7723013e-01   1.1549795e-01  -2.1662536e-01  -9.4403434e-02  -4.8689366e-03   1.3877270e-01   9.5104664e-02   2.1157738e-01   3.0953909e-01
   2.7440121e-01   2.3579602e-01   2.9320204e-01   4.9831291e-01   2.6292508e-01   1.6634786e-01   3.0498654e-01   3.0952058e-01   1.6020265e-01   1.4468547e-01   8.7682018e-02   2.7688196e-01   3.0685844e-01   2.7416441e-01   1.3032592e-01   3.0137561e-01   2.6297249e-01   4.2605658e-01   6.8167419e-01   4.1685973e-01
  -1.9333902e-01  -3.2041760e-01   6.9192162e-02   2.3805737e-01   1.0722026e-01  -1.0575386e-01   1.8633531e-01   2.8608858e-01   4.7950565e-01   1.9134813e-01   7.3855335e-02  -1.8911965e-02   6.5245225e-03   4.8111470e-02  -2.2815406e-02   1.3566066e-01   1.6976251e-01   2.7988820e-01   2.8008857e-01   6.6015016e-02
   6.5720132e-02  -2.8505302e-01   1.2787089e-01   2.6517732e-01  -2.1800712e-02   6.4475131e-02   9.6382041e-02  -2.4333467e-01  -1.9366818e-02  -1.4946942e-01  -1.2280385e-01  -6.1309764e-01  -4.4124144e-01  -1.5725327e-01  -1.1746856e-01  -3.5560233e-01  -3.6220258e-01   1.1163205e-02   4.8464891e-02   1.6087664e-01
  -3.4269376e-01  -5.7817111e-01  -2.3951727e-01   6.5027630e-02   2.1427653e-01   2.7233881e-01   7.9397992e-03  -1.9985404e-01   2.2470316e-01   4.2951516e-01   1.9808521e-01  -1.8021581e-03  -2.0656987e-01  -1.1349547e-01  -2.3244657e-01   1.0727637e-01  -2.6928758e-01  -1.3887052e-01   1.1915180e-01   1.5394285e-01
  -4.8758179e-01  -5.4383397e-01  -5.7124350e-01  -3.9475131e-01  -2.3489646e-01  -1.0236747e-01  -1.6441126e-01  -2.3802888e-01  -2.9393098e-01  -2.5650771e-01  -4.6855049e-01  -5.1571587e-01   1.6215918e-02  -1.0655823e-01  -2.5713686e-01  -3.5834691e-01  -4.9817108e-01  -4.4830624e-01  -2.7282272e-01  -2.5726354e-01
   2.4394578e-01   5.3788625e-02  -2.0047976e-01   1.3820769e-01   4.3387733e-01   2.6782372e-01   8.6793471e-02   1.3464875e-01  -1.9734315e-02   1.2774573e-01   1.8234521e-03  -3.1246523e-01  -1.2126520e-01  -2.6030967e-01   5.4467884e-01   4.3440806e-01   1.9816578e-01   6.8838427e-02   2.7247827e-01   7.9116550e-01
   2.3401267e-01   1.7249007e-01   2.7291844e-01   3.8460189e-01   7.5848416e-01   4.5335865e-01   2.8849507e-01   5.7822806e-02  -1.1971800e-01  -1.0358828e-01  -1.2982298e-01  -9.8480337e-02  -6.5606387e-02  -7.0165915e-03   1.8093414e-01   1.7591790e-01   1.8293041e-01   3.4849746e-01   4.3595062e-01   3.3046654e-01
   1.7382273e-01   1.0700499e-01   3.2663694e-01   4.3091630e-01   3.4649106e-01   1.3524856e-02   4.4329396e-02   1.4965094e-01   7.7333384e-02  -1.6767681e-01   3.4215034e-02   1.5407593e-01  -2.4792269e-01  -3.0134136e-01  -1.9896295e-01  -1.0375102e-01  -2.7612928e-01   1.1400562e-01   2.0368552e-01   3.6050243e-01
   4.2983251e-02   1.0418610e-01   1.7596890e-01  -1.7276946e-01  -1.7452673e-01  -1.5614120e-01  -1.0134008e-01  -1.6370603e-01  -3.1512550e-01  -1.4970360e-01   1.5154987e-01   2.0874620e-01   3.5640432e-01   2.5148619e-01   1.9415451e-01   1.4204867e-01   9.9965784e-02   2.8305766e-01   2.6006217e-01   3.2783707e-01
   2.3930901e-01   7.9535089e-02   1.3790032e-01   2.4266687e-01   3.0693362e-01   4.5784042e-02  -3.4612972e-01  -3.5459695e-01  -3.5924329e-01  -5.6920229e-01  -3.3059876e-01  -1.3314408e-01  -1.1731840e-01  -1.6618269e-01  -7.0445843e-02   1.5401066e-01   3.2381444e-01   6.3287718e-02  -1.1545495e-01   2.1628515e-01
  -3.0983893e-01  -6.6587859e-01  -2.2943126e-01   3.7318765e-01   7.8651771e-01   5.6843666e-01   1.7895165e-01  -4.3249808e-03  -6.1412809e-02  -4.2738315e-01  -4.3444631e-01  -3.4363580e-01  -2.8900993e-01   1.6410993e-01   3.6416338e-02  -1.6130959e-01  -5.6386937e-01  -4.2920170e-01  -2.6126166e-01  -2.9697024e-01
   1.8359041e-01  -3.1993878e-02   3.2816643e-01   5.0282915e-01   3.3644607e-01  -1.2490432e-01  -4.9536802e-01  -5.9206378e-02   5.5982098e-01   3.5233116e-01   2.3153643e-01  -2.3152070e-03  -3.9853141e-02   2.9413088e-01   1.6745346e-01  -2.5966878e-01  -4.3584185e-01  -1.7387745e-01   4.5057284e-01   1.4658437e-01
   1.5736542e-01  -3.7218230e-01  -4.8287921e-01  -3.3475378e-01  -5.0168422e-01  -5.5128669e-01  -6.4000751e-01  -5.0904850e-01  -4.4005579e-01  -3.0217475e-01  -2.9690801e-01  -2.4248055e-02  -1.8942416e-01  -3.7948886e-01  -2.6470317e-01   1.6958249e-01   4.5975057e-03   1.3684529e-01   5.5003758e-01   7.0837472e-01
  -3.5946702e-01  -1.8368576e-01  -1.3905976e-01   1.3514795e-02  -3.9593533e-01  -7.7309706e-01  -6.0158465e-01  -3.0812664e-01  -1.2687194e-01  -5.6324503e-02  -8.0973936e-02  -3.5572894e-02  -8.6491113e-02   2.2002334e-01   5.4820486e-01   3.0807719e-01  -1.1101135e-01  -9.2513729e-02  -1.9356999e-01  -3.7035709e-01
