  0.0000    2    6.000   1.0000       nonjoke
  6.0000    0    6.000   1.0000          NULL 
 12.0000    1    6.000   1.0000          joke
 18.0000    0    2.000   1.0000          NULL 
 20.0000    1    6.000   1.0000          joke
 26.0000    0    4.000   1.0000          NULL 
 30.0000    1    6.000   1.0000          joke
 36.0000    0    4.000   1.0000          NULL 
 40.0000    2    6.000   1.0000       nonjoke
 46.0000    2    6.000   1.0000       nonjoke
 52.0000    0    2.000   1.0000          NULL 
 54.0000    2    6.000   1.0000       nonjoke
 60.0000    1    6.000   1.0000          joke
 66.0000    0    6.000   1.0000          NULL 
 72.0000    1    6.000   1.0000          joke
 78.0000    1    6.000   1.0000          joke
 84.0000    0    2.000   1.0000          NULL 
 86.0000    2    6.000   1.0000       nonjoke
 92.0000    0    4.000   1.0000          NULL 
 96.0000    2    6.000   1.0000       nonjoke
102.0000    0    2.000   1.0000          NULL 
104.0000    1    6.000   1.0000          joke
110.0000    0    2.000   1.0000          NULL 
112.0000    2    6.000   1.0000       nonjoke
118.0000    0    4.000   1.0000          NULL 
122.0000    2    6.000   1.0000       nonjoke
128.0000    0   10.000   1.0000          NULL 
138.0000    1    6.000   1.0000          joke
144.0000    0   10.000   1.0000          NULL 
154.0000    1    6.000   1.0000          joke
160.0000    0    6.000   1.0000          NULL 
166.0000    1    6.000   1.0000          joke
172.0000    2    6.000   1.0000       nonjoke
178.0000    0    4.000   1.0000          NULL 
182.0000    2    6.000   1.0000       nonjoke
188.0000    0    6.000   1.0000          NULL 
194.0000    2    6.000   1.0000       nonjoke
200.0000    1    6.000   1.0000          joke
206.0000    1    6.000   1.0000          joke
212.0000    0    4.000   1.0000          NULL 
216.0000    1    6.000   1.0000          joke
222.0000    0    4.000   1.0000          NULL 
226.0000    1    6.000   1.0000          joke
232.0000    0    8.000   1.0000          NULL 
240.0000    1    6.000   1.0000          joke
246.0000    0    4.000   1.0000          NULL 
250.0000    2    6.000   1.0000       nonjoke
256.0000    2    6.000   1.0000       nonjoke
262.0000    0    2.000   1.0000          NULL 
264.0000    2    6.000   1.0000       nonjoke
270.0000    0    6.000   1.0000          NULL 
276.0000    1    6.000   1.0000          joke
282.0000    0    4.000   1.0000          NULL 
286.0000    2    6.000   1.0000       nonjoke
292.0000    0    2.000   1.0000          NULL 
294.0000    2    6.000   1.0000       nonjoke
300.0000    0    6.000   1.0000          NULL 
306.0000    2    6.000   1.0000       nonjoke
312.0000    2    6.000   1.0000       nonjoke
318.0000    0    4.000   1.0000          NULL 
322.0000    1    6.000   1.0000          joke
328.0000    1    6.000   1.0000          joke
334.0000    0    2.000   1.0000          NULL 
336.0000    2    6.000   1.0000       nonjoke
342.0000    1    6.000   1.0000          joke
348.0000    0    4.000   1.0000          NULL 
352.0000    1    6.000   1.0000          joke
358.0000    1    6.000   1.0000          joke
364.0000    0    6.000   1.0000          NULL 
370.0000    1    6.000   1.0000          joke
376.0000    0    4.000   1.0000          NULL 
380.0000    2    6.000   1.0000       nonjoke
386.0000    0    2.000   1.0000          NULL 
388.0000    1    6.000   1.0000          joke
394.0000    1    6.000   1.0000          joke
400.0000    0    8.000   1.0000          NULL 
408.0000    2    6.000   1.0000       nonjoke
414.0000    1    6.000   1.0000          joke
420.0000    2    6.000   1.0000       nonjoke
426.0000    0   10.000   1.0000          NULL 
436.0000    2    6.000   1.0000       nonjoke
442.0000    0    4.000   1.0000          NULL 
446.0000    2    6.000   1.0000       nonjoke
452.0000    0    2.000   1.0000          NULL 
454.0000    2    6.000   1.0000       nonjoke
460.0000    0    4.000   1.0000          NULL 
464.0000    1    6.000   1.0000          joke
470.0000    0    2.000   1.0000          NULL 
472.0000    2    6.000   1.0000       nonjoke
478.0000    0    2.000   1.0000          NULL 
