  0.0000    1    6.000   1.0000          joke
  6.0000    1    6.000   1.0000          joke
 12.0000    0    6.000   1.0000          NULL 
 18.0000    1    6.000   1.0000          joke
 24.0000    1    6.000   1.0000          joke
 30.0000    0    2.000   1.0000          NULL 
 32.0000    2    6.000   1.0000       nonjoke
 38.0000    0    6.000   1.0000          NULL 
 44.0000    2    6.000   1.0000       nonjoke
 50.0000    1    6.000   1.0000          joke
 56.0000    0    4.000   1.0000          NULL 
 60.0000    2    6.000   1.0000       nonjoke
 66.0000    0    4.000   1.0000          NULL 
 70.0000    1    6.000   1.0000          joke
 76.0000    1    6.000   1.0000          joke
 82.0000    2    6.000   1.0000       nonjoke
 88.0000    2    6.000   1.0000       nonjoke
 94.0000    0    2.000   1.0000          NULL 
 96.0000    1    6.000   1.0000          joke
102.0000    2    6.000   1.0000       nonjoke
108.0000    0    2.000   1.0000          NULL 
110.0000    1    6.000   1.0000          joke
116.0000    0    2.000   1.0000          NULL 
118.0000    2    6.000   1.0000       nonjoke
124.0000    0    4.000   1.0000          NULL 
128.0000    2    6.000   1.0000       nonjoke
134.0000    0    2.000   1.0000          NULL 
136.0000    2    6.000   1.0000       nonjoke
142.0000    0    8.000   1.0000          NULL 
150.0000    2    6.000   1.0000       nonjoke
156.0000    2    6.000   1.0000       nonjoke
162.0000    0   12.000   1.0000          NULL 
174.0000    1    6.000   1.0000          joke
180.0000    0    2.000   1.0000          NULL 
182.0000    2    6.000   1.0000       nonjoke
188.0000    0    2.000   1.0000          NULL 
190.0000    1    6.000   1.0000          joke
196.0000    0    4.000   1.0000          NULL 
200.0000    2    6.000   1.0000       nonjoke
206.0000    0    2.000   1.0000          NULL 
208.0000    2    6.000   1.0000       nonjoke
214.0000    0    8.000   1.0000          NULL 
222.0000    1    6.000   1.0000          joke
228.0000    0    4.000   1.0000          NULL 
232.0000    2    6.000   1.0000       nonjoke
238.0000    0    4.000   1.0000          NULL 
242.0000    2    6.000   1.0000       nonjoke
248.0000    2    6.000   1.0000       nonjoke
254.0000    0    4.000   1.0000          NULL 
258.0000    1    6.000   1.0000          joke
264.0000    0    2.000   1.0000          NULL 
266.0000    2    6.000   1.0000       nonjoke
272.0000    0    4.000   1.0000          NULL 
276.0000    1    6.000   1.0000          joke
282.0000    0   10.000   1.0000          NULL 
292.0000    1    6.000   1.0000          joke
298.0000    0    2.000   1.0000          NULL 
300.0000    2    6.000   1.0000       nonjoke
306.0000    0    6.000   1.0000          NULL 
312.0000    2    6.000   1.0000       nonjoke
318.0000    0    2.000   1.0000          NULL 
320.0000    1    6.000   1.0000          joke
326.0000    0    2.000   1.0000          NULL 
328.0000    1    6.000   1.0000          joke
334.0000    0    8.000   1.0000          NULL 
342.0000    2    6.000   1.0000       nonjoke
348.0000    0    6.000   1.0000          NULL 
354.0000    1    6.000   1.0000          joke
360.0000    0    8.000   1.0000          NULL 
368.0000    1    6.000   1.0000          joke
374.0000    0    2.000   1.0000          NULL 
376.0000    1    6.000   1.0000          joke
382.0000    2    6.000   1.0000       nonjoke
388.0000    1    6.000   1.0000          joke
394.0000    0    4.000   1.0000          NULL 
398.0000    2    6.000   1.0000       nonjoke
404.0000    2    6.000   1.0000       nonjoke
410.0000    0    2.000   1.0000          NULL 
412.0000    1    6.000   1.0000          joke
418.0000    0    2.000   1.0000          NULL 
420.0000    1    6.000   1.0000          joke
426.0000    0    8.000   1.0000          NULL 
434.0000    1    6.000   1.0000          joke
440.0000    1    6.000   1.0000          joke
446.0000    2    6.000   1.0000       nonjoke
452.0000    0    2.000   1.0000          NULL 
454.0000    1    6.000   1.0000          joke
460.0000    0    6.000   1.0000          NULL 
466.0000    2    6.000   1.0000       nonjoke
472.0000    0    8.000   1.0000          NULL 
