  0.0000    1    6.000   1.0000          joke
  6.0000    0    4.000   1.0000          NULL 
 10.0000    2    6.000   1.0000       nonjoke
 16.0000    0    4.000   1.0000          NULL 
 20.0000    2    6.000   1.0000       nonjoke
 26.0000    1    6.000   1.0000          joke
 32.0000    0    2.000   1.0000          NULL 
 34.0000    1    6.000   1.0000          joke
 40.0000    1    6.000   1.0000          joke
 46.0000    2    6.000   1.0000       nonjoke
 52.0000    1    6.000   1.0000          joke
 58.0000    0    8.000   1.0000          NULL 
 66.0000    1    6.000   1.0000          joke
 72.0000    0    2.000   1.0000          NULL 
 74.0000    1    6.000   1.0000          joke
 80.0000    1    6.000   1.0000          joke
 86.0000    0    2.000   1.0000          NULL 
 88.0000    1    6.000   1.0000          joke
 94.0000    0    2.000   1.0000          NULL 
 96.0000    1    6.000   1.0000          joke
102.0000    0    4.000   1.0000          NULL 
106.0000    2    6.000   1.0000       nonjoke
112.0000    0    4.000   1.0000          NULL 
116.0000    1    6.000   1.0000          joke
122.0000    0    2.000   1.0000          NULL 
124.0000    2    6.000   1.0000       nonjoke
130.0000    0    4.000   1.0000          NULL 
134.0000    2    6.000   1.0000       nonjoke
140.0000    1    6.000   1.0000          joke
146.0000    0    8.000   1.0000          NULL 
154.0000    2    6.000   1.0000       nonjoke
160.0000    2    6.000   1.0000       nonjoke
166.0000    0    8.000   1.0000          NULL 
174.0000    1    6.000   1.0000          joke
180.0000    0    2.000   1.0000          NULL 
182.0000    2    6.000   1.0000       nonjoke
188.0000    0    4.000   1.0000          NULL 
192.0000    1    6.000   1.0000          joke
198.0000    0    2.000   1.0000          NULL 
200.0000    1    6.000   1.0000          joke
206.0000    0    2.000   1.0000          NULL 
208.0000    1    6.000   1.0000          joke
214.0000    1    6.000   1.0000          joke
220.0000    1    6.000   1.0000          joke
226.0000    2    6.000   1.0000       nonjoke
232.0000    0    4.000   1.0000          NULL 
236.0000    2    6.000   1.0000       nonjoke
242.0000    0    2.000   1.0000          NULL 
244.0000    2    6.000   1.0000       nonjoke
250.0000    0   12.000   1.0000          NULL 
262.0000    2    6.000   1.0000       nonjoke
268.0000    0    8.000   1.0000          NULL 
276.0000    1    6.000   1.0000          joke
282.0000    0    8.000   1.0000          NULL 
290.0000    2    6.000   1.0000       nonjoke
296.0000    0    6.000   1.0000          NULL 
302.0000    2    6.000   1.0000       nonjoke
308.0000    0    8.000   1.0000          NULL 
316.0000    1    6.000   1.0000          joke
322.0000    2    6.000   1.0000       nonjoke
328.0000    0    8.000   1.0000          NULL 
336.0000    2    6.000   1.0000       nonjoke
342.0000    0    4.000   1.0000          NULL 
346.0000    2    6.000   1.0000       nonjoke
352.0000    0    6.000   1.0000          NULL 
358.0000    2    6.000   1.0000       nonjoke
364.0000    0    2.000   1.0000          NULL 
366.0000    1    6.000   1.0000          joke
372.0000    0    6.000   1.0000          NULL 
378.0000    2    6.000   1.0000       nonjoke
384.0000    0    8.000   1.0000          NULL 
392.0000    1    6.000   1.0000          joke
398.0000    0    2.000   1.0000          NULL 
400.0000    2    6.000   1.0000       nonjoke
406.0000    2    6.000   1.0000       nonjoke
412.0000    0    4.000   1.0000          NULL 
416.0000    1    6.000   1.0000          joke
422.0000    0    2.000   1.0000          NULL 
424.0000    2    6.000   1.0000       nonjoke
430.0000    2    6.000   1.0000       nonjoke
436.0000    0    2.000   1.0000          NULL 
438.0000    1    6.000   1.0000          joke
444.0000    0    2.000   1.0000          NULL 
446.0000    1    6.000   1.0000          joke
452.0000    0    2.000   1.0000          NULL 
454.0000    2    6.000   1.0000       nonjoke
460.0000    0    2.000   1.0000          NULL 
462.0000    1    6.000   1.0000          joke
468.0000    0    2.000   1.0000          NULL 
470.0000    2    6.000   1.0000       nonjoke
476.0000    0    4.000   1.0000          NULL 
