  0.0000    1    6.000   1.0000          joke
  6.0000    0    4.000   1.0000          NULL 
 10.0000    2    6.000   1.0000       nonjoke
 16.0000    0    8.000   1.0000          NULL 
 24.0000    2    6.000   1.0000       nonjoke
 30.0000    1    6.000   1.0000          joke
 36.0000    0    4.000   1.0000          NULL 
 40.0000    1    6.000   1.0000          joke
 46.0000    0    2.000   1.0000          NULL 
 48.0000    1    6.000   1.0000          joke
 54.0000    0    2.000   1.0000          NULL 
 56.0000    2    6.000   1.0000       nonjoke
 62.0000    0    2.000   1.0000          NULL 
 64.0000    1    6.000   1.0000          joke
 70.0000    0    6.000   1.0000          NULL 
 76.0000    1    6.000   1.0000          joke
 82.0000    0    2.000   1.0000          NULL 
 84.0000    1    6.000   1.0000          joke
 90.0000    1    6.000   1.0000          joke
 96.0000    1    6.000   1.0000          joke
102.0000    1    6.000   1.0000          joke
108.0000    0    2.000   1.0000          NULL 
110.0000    2    6.000   1.0000       nonjoke
116.0000    0    2.000   1.0000          NULL 
118.0000    1    6.000   1.0000          joke
124.0000    0   10.000   1.0000          NULL 
134.0000    1    6.000   1.0000          joke
140.0000    0    6.000   1.0000          NULL 
146.0000    2    6.000   1.0000       nonjoke
152.0000    1    6.000   1.0000          joke
158.0000    1    6.000   1.0000          joke
164.0000    0    2.000   1.0000          NULL 
166.0000    2    6.000   1.0000       nonjoke
172.0000    2    6.000   1.0000       nonjoke
178.0000    0    8.000   1.0000          NULL 
186.0000    1    6.000   1.0000          joke
192.0000    0    8.000   1.0000          NULL 
200.0000    1    6.000   1.0000          joke
206.0000    0    8.000   1.0000          NULL 
214.0000    1    6.000   1.0000          joke
220.0000    0    2.000   1.0000          NULL 
222.0000    2    6.000   1.0000       nonjoke
228.0000    0    2.000   1.0000          NULL 
230.0000    2    6.000   1.0000       nonjoke
236.0000    0    2.000   1.0000          NULL 
238.0000    2    6.000   1.0000       nonjoke
244.0000    2    6.000   1.0000       nonjoke
250.0000    0    2.000   1.0000          NULL 
252.0000    2    6.000   1.0000       nonjoke
258.0000    0    4.000   1.0000          NULL 
262.0000    1    6.000   1.0000          joke
268.0000    0    6.000   1.0000          NULL 
274.0000    1    6.000   1.0000          joke
280.0000    0   12.000   1.0000          NULL 
292.0000    2    6.000   1.0000       nonjoke
298.0000    0    2.000   1.0000          NULL 
300.0000    2    6.000   1.0000       nonjoke
306.0000    0    2.000   1.0000          NULL 
308.0000    1    6.000   1.0000          joke
314.0000    1    6.000   1.0000          joke
320.0000    0    2.000   1.0000          NULL 
322.0000    1    6.000   1.0000          joke
328.0000    0    2.000   1.0000          NULL 
330.0000    2    6.000   1.0000       nonjoke
336.0000    0    2.000   1.0000          NULL 
338.0000    2    6.000   1.0000       nonjoke
344.0000    0    2.000   1.0000          NULL 
346.0000    2    6.000   1.0000       nonjoke
352.0000    0   16.000   1.0000          NULL 
368.0000    2    6.000   1.0000       nonjoke
374.0000    0    8.000   1.0000          NULL 
382.0000    2    6.000   1.0000       nonjoke
388.0000    0    4.000   1.0000          NULL 
392.0000    2    6.000   1.0000       nonjoke
398.0000    2    6.000   1.0000       nonjoke
404.0000    0    2.000   1.0000          NULL 
406.0000    2    6.000   1.0000       nonjoke
412.0000    0    4.000   1.0000          NULL 
416.0000    2    6.000   1.0000       nonjoke
422.0000    1    6.000   1.0000          joke
428.0000    2    6.000   1.0000       nonjoke
434.0000    0    8.000   1.0000          NULL 
442.0000    1    6.000   1.0000          joke
448.0000    0    2.000   1.0000          NULL 
450.0000    2    6.000   1.0000       nonjoke
456.0000    2    6.000   1.0000       nonjoke
462.0000    0    2.000   1.0000          NULL 
464.0000    1    6.000   1.0000          joke
470.0000    0    2.000   1.0000          NULL 
472.0000    1    6.000   1.0000          joke
478.0000    0    2.000   1.0000          NULL 
