  0.0000    1    6.000   1.0000          joke
  6.0000    0    4.000   1.0000          NULL 
 10.0000    1    6.000   1.0000          joke
 16.0000    0    6.000   1.0000          NULL 
 22.0000    2    6.000   1.0000       nonjoke
 28.0000    0    2.000   1.0000          NULL 
 30.0000    1    6.000   1.0000          joke
 36.0000    1    6.000   1.0000          joke
 42.0000    0    4.000   1.0000          NULL 
 46.0000    1    6.000   1.0000          joke
 52.0000    0    4.000   1.0000          NULL 
 56.0000    2    6.000   1.0000       nonjoke
 62.0000    0    4.000   1.0000          NULL 
 66.0000    1    6.000   1.0000          joke
 72.0000    0    4.000   1.0000          NULL 
 76.0000    2    6.000   1.0000       nonjoke
 82.0000    0    2.000   1.0000          NULL 
 84.0000    1    6.000   1.0000          joke
 90.0000    0    4.000   1.0000          NULL 
 94.0000    2    6.000   1.0000       nonjoke
100.0000    0    2.000   1.0000          NULL 
102.0000    1    6.000   1.0000          joke
108.0000    1    6.000   1.0000          joke
114.0000    0    4.000   1.0000          NULL 
118.0000    2    6.000   1.0000       nonjoke
124.0000    0   14.000   1.0000          NULL 
138.0000    2    6.000   1.0000       nonjoke
144.0000    0    4.000   1.0000          NULL 
148.0000    2    6.000   1.0000       nonjoke
154.0000    0    4.000   1.0000          NULL 
158.0000    2    6.000   1.0000       nonjoke
164.0000    0   10.000   1.0000          NULL 
174.0000    1    6.000   1.0000          joke
180.0000    0    6.000   1.0000          NULL 
186.0000    2    6.000   1.0000       nonjoke
192.0000    0    2.000   1.0000          NULL 
194.0000    2    6.000   1.0000       nonjoke
200.0000    0    2.000   1.0000          NULL 
202.0000    2    6.000   1.0000       nonjoke
208.0000    0    2.000   1.0000          NULL 
210.0000    2    6.000   1.0000       nonjoke
216.0000    0    6.000   1.0000          NULL 
222.0000    1    6.000   1.0000          joke
228.0000    0    4.000   1.0000          NULL 
232.0000    1    6.000   1.0000          joke
238.0000    0   10.000   1.0000          NULL 
248.0000    2    6.000   1.0000       nonjoke
254.0000    1    6.000   1.0000          joke
260.0000    2    6.000   1.0000       nonjoke
266.0000    0    4.000   1.0000          NULL 
270.0000    1    6.000   1.0000          joke
276.0000    0    2.000   1.0000          NULL 
278.0000    2    6.000   1.0000       nonjoke
284.0000    0    6.000   1.0000          NULL 
290.0000    1    6.000   1.0000          joke
296.0000    1    6.000   1.0000          joke
302.0000    0    2.000   1.0000          NULL 
304.0000    2    6.000   1.0000       nonjoke
310.0000    0    2.000   1.0000          NULL 
312.0000    2    6.000   1.0000       nonjoke
318.0000    0    2.000   1.0000          NULL 
320.0000    1    6.000   1.0000          joke
326.0000    0    2.000   1.0000          NULL 
328.0000    2    6.000   1.0000       nonjoke
334.0000    0    2.000   1.0000          NULL 
336.0000    1    6.000   1.0000          joke
342.0000    1    6.000   1.0000          joke
348.0000    0    2.000   1.0000          NULL 
350.0000    2    6.000   1.0000       nonjoke
356.0000    2    6.000   1.0000       nonjoke
362.0000    0    2.000   1.0000          NULL 
364.0000    2    6.000   1.0000       nonjoke
370.0000    2    6.000   1.0000       nonjoke
376.0000    0    2.000   1.0000          NULL 
378.0000    1    6.000   1.0000          joke
384.0000    0    2.000   1.0000          NULL 
386.0000    1    6.000   1.0000          joke
392.0000    0    2.000   1.0000          NULL 
394.0000    2    6.000   1.0000       nonjoke
400.0000    0    2.000   1.0000          NULL 
402.0000    2    6.000   1.0000       nonjoke
408.0000    0   12.000   1.0000          NULL 
420.0000    1    6.000   1.0000          joke
426.0000    0    2.000   1.0000          NULL 
428.0000    1    6.000   1.0000          joke
434.0000    1    6.000   1.0000          joke
440.0000    1    6.000   1.0000          joke
446.0000    1    6.000   1.0000          joke
452.0000    0   12.000   1.0000          NULL 
464.0000    2    6.000   1.0000       nonjoke
470.0000    0    2.000   1.0000          NULL 
472.0000    2    6.000   1.0000       nonjoke
478.0000    0    2.000   1.0000          NULL 
